303 , 268
303 , 268
303 , 268
303 , 268
303 , 268
302 , 268
302 , 268
302 , 268
302 , 268
302 , 268
302 , 268
300 , 268
300 , 268
296 , 267
296 , 267
290 , 266
290 , 266
285 , 265
285 , 265
281 , 264
281 , 264
281 , 264
275 , 262
275 , 262
269 , 261
269 , 261
263 , 260
263 , 260
257 , 259
257 , 259
252 , 259
252 , 259
246 , 259
246 , 259
240 , 257
240 , 257
234 , 257
234 , 257
229 , 256
229 , 256
225 , 256
225 , 256
224 , 256
224 , 256
216 , 256
216 , 256
216 , 256
211 , 256
211 , 256
208 , 256
208 , 256
205 , 256
205 , 256
201 , 256
201 , 256
201 , 256
201 , 256
194 , 255
194 , 255
187 , 255
187 , 255
184 , 255
184 , 255
183 , 255
183 , 255
176 , 256
176 , 256
173 , 256
173 , 256
165 , 255
165 , 255
165 , 255
156 , 255
156 , 255
156 , 255
156 , 255
151 , 254
151 , 254
144 , 255
144 , 255
139 , 255
139 , 255
134 , 257
134 , 257
128 , 258
128 , 258
122 , 260
122 , 260
117 , 261
117 , 261
113 , 261
113 , 261
109 , 261
109 , 261
106 , 262
106 , 262
103 , 262
103 , 262
103 , 262
100 , 263
100 , 263
98 , 265
98 , 265
96 , 267
96 , 267
92 , 269
92 , 269
90 , 272
90 , 272
88 , 273
88 , 273
86 , 275
86 , 275
84 , 276
84 , 276
82 , 277
82 , 277
81 , 277
81 , 277
79 , 279
79 , 279
76 , 281
76 , 281
76 , 281
73 , 283
73 , 283
73 , 283
73 , 283
71 , 285
71 , 285
71 , 287
71 , 287
70 , 291
70 , 291
70 , 295
70 , 295
70 , 301
70 , 301
69 , 307
69 , 307
69 , 312
69 , 312
69 , 314
69 , 314
69 , 315
69 , 315
69 , 315
69 , 315
69 , 315
69 , 316
69 , 316
69 , 317
69 , 317
68 , 318
68 , 318
67 , 319
67 , 319
67 , 321
67 , 321
67 , 323
67 , 323
66 , 326
66 , 326
65 , 328
65 , 328
63 , 329
63 , 329
62 , 330
62 , 330
61 , 331
61 , 331
61 , 331
61 , 331
61 , 331
61 , 330
61 , 330
61 , 329
61 , 329
61 , 328
61 , 328
61 , 328
61 , 328
62 , 328
62 , 328
62 , 328
62 , 328
62 , 328
62 , 328
62 , 328
62 , 328
62 , 328
62 , 328
63 , 328
63 , 328
63 , 328
63 , 328
63 , 328
63 , 328
64 , 328
64 , 328
64 , 328
64 , 328
64 , 328
64 , 328
64 , 328
64 , 328
64 , 328
64 , 328
64 , 328
65 , 328
65 , 328
65 , 328
65 , 328
65 , 328
65 , 328
65 , 328
65 , 328
65 , 328
65 , 328
65 , 328
65 , 328
66 , 328
66 , 328
66 , 328
66 , 328
66 , 328
66 , 328
66 , 328
66 , 329
66 , 329
66 , 329
66 , 329
66 , 329
66 , 329
66 , 329
66 , 329
66 , 329
66 , 329
66 , 329
66 , 329
66 , 329
66 , 329
66 , 329
66 , 329
66 , 329
66 , 329
66 , 329
66 , 329
66 , 329
66 , 329
66 , 329
66 , 329
66 , 329
66 , 328
66 , 328
66 , 328
66 , 328
66 , 328
66 , 328
66 , 328
66 , 328
66 , 328
66 , 328
66 , 328
66 , 328
66 , 328
66 , 328
66 , 328
66 , 328
66 , 328
66 , 328
66 , 328
66 , 328
66 , 328
66 , 328
66 , 328
66 , 328
66 , 328
67 , 328
67 , 328
67 , 328
67 , 328
67 , 328
67 , 328
67 , 328
67 , 328
67 , 328
67 , 328
67 , 328
67 , 328
67 , 328
67 , 328
67 , 328
67 , 328
67 , 328
