592 , 269
592 , 269
592 , 269
592 , 269
592 , 269
591 , 269
591 , 269
590 , 269
585 , 268
580 , 267
575 , 266
570 , 265
564 , 263
558 , 262
553 , 261
547 , 260
542 , 260
536 , 260
530 , 258
524 , 258
522 , 258
518 , 258
513 , 258
508 , 258
504 , 258
501 , 258
499 , 258
493 , 258
491 , 259
485 , 259
485 , 259
478 , 258
471 , 259
468 , 259
465 , 260
458 , 259
452 , 259
446 , 259
439 , 260
433 , 260
427 , 260
420 , 262
412 , 263
406 , 263
402 , 264
400 , 264
397 , 265
394 , 265
392 , 265
389 , 266
387 , 267
386 , 267
383 , 270
380 , 272
378 , 273
376 , 274
375 , 276
374 , 277
374 , 279
372 , 281
369 , 283
367 , 287
364 , 290
362 , 293
361 , 296
361 , 296
360 , 296
360 , 296
360 , 297
360 , 297
360 , 297
360 , 297
360 , 297
360 , 297
360 , 297
359 , 298
359 , 299
358 , 300
358 , 302
358 , 302
358 , 302
358 , 303
358 , 303
357 , 303
357 , 303
356 , 302
356 , 301
356 , 301
357 , 301
357 , 301
357 , 301
357 , 301
357 , 300
358 , 301
358 , 301
358 , 301
358 , 301
359 , 301
359 , 301
359 , 301
359 , 301
359 , 301
359 , 301
359 , 301
360 , 301
360 , 301
360 , 301
360 , 301
360 , 301
360 , 302
360 , 302
360 , 302
360 , 302
360 , 302
360 , 302
360 , 302
360 , 302
360 , 302
360 , 302
360 , 302
360 , 302
360 , 302
360 , 302
360 , 301
361 , 302
361 , 302
361 , 301
361 , 301
361 , 301
361 , 301
361 , 301
361 , 301
361 , 301
361 , 301
361 , 301
361 , 301
361 , 301
361 , 301
361 , 301
361 , 301
361 , 301
361 , 301
361 , 301
361 , 301
361 , 301
361 , 301
361 , 301
